function loadCustomElectrodeConfig(this)

this.customElectrode(1).type = '4x4';
this.customElectrode(1).sites = [ ...
    1, 7, 13, 14;
    3, 4, 10, 16;
    2, 8, 12, 11;
    6, 5, 9,  15];
this.customElectrode(1).spacing = [ ...
    -350, -350, -350, -350;
    -250, -250, -250, -250;
    -150, -150, -150, -150;
    -50,   -50,  -50, -50];

this.customElectrode(2).type = '4x8';
this.customElectrode(2).sites = [ ...
    1, 9,  17, 25;
    2, 10, 18, 26;
    3, 11, 19, 27;
    4, 12, 20, 28;
    5, 13, 21, 29;
    6, 14, 22, 30;
    7, 15, 23, 31;
    8, 16, 24, 32];
this.customElectrode(2).spacing = [ ...
    -400, -400, -400, -400;
    -350, -350, -350, -350;
    -300, -300, -300, -300;
    -250, -250, -250, -250;
    -200, -200, -200, -200;
    -150, -150, -150, -150;
    -100, -100, -100, -100;
    -50,   -50,  -50, -50];

this.customElectrode(3).type = '4x8_flip1';
this.customElectrode(3).sites = [ ...
    18, 8,  15, 27;
    19, 1,  10, 32;
    6,  4,  16, 28;
    21, 24, 14, 31;
    20, 7,  11, 30;
    17, 5,  9,  25;
    2,  3,  29, 26;
    23, 22, 13, 12];
this.customElectrode(3).spacing = [ ...
    -400, -400, -400, -400;
    -350, -350, -350, -350;
    -300, -300, -300, -300;
    -250, -250, -250, -250;
    -200, -200, -200, -200;
    -150, -150, -150, -150;
    -100, -100, -100, -100;
    -50,   -50,  -50, -50];

this.customElectrode(4).type = '4x8_flip2';
this.customElectrode(4).sites = [ ...
    7,  12, 28, 21;
    15, 6,  31, 19;
    16, 5,  26, 32;
    14, 9,  29, 17;
    11, 8,  25, 20;
    10, 4,  30, 22;
    1,  2,  24, 18;
    13, 3,  23, 27];
this.customElectrode(4).spacing = [ ...
    -400, -400, -400, -400;
    -350, -350, -350, -350;
    -300, -300, -300, -300;
    -250, -250, -250, -250;
    -200, -200, -200, -200;
    -150, -150, -150, -150;
    -100, -100, -100, -100;
    -50,   -50,  -50, -50];

